version https://git-lfs.github.com/spec/v1
oid sha256:5e3ea0d9f046919bbf48e44f1455f408fb6023c07e9956e17809818120b1b590
size 3271
