version https://git-lfs.github.com/spec/v1
oid sha256:db65a62d86e020847e8cad6f5da1577d774c2e72d41d050af62c80275fff3930
size 316
